# t height target error speed thrust
0 0 431.38 -431.38 0 14.9971
0.1 0.0259357 431.38 -431.354 0.518715 14.9971
0.2 0.103743 431.38 -431.276 1.03743 14.9971
0.3 0.233422 431.38 -431.146 1.55614 14.9971
0.4 0.414972 431.38 -430.965 2.07486 14.9971
0.5 0.648394 431.38 -430.731 2.59357 8.35359
0.6 0.900469 431.38 -430.479 2.44793 14.9643
0.7 1.17103 431.38 -430.209 2.96336 9.41592
0.8 1.4654 431.38 -429.914 2.92395 13.4598
0.9 1.77604 431.38 -429.604 3.28894 14.9971
1 2.13087 431.38 -429.249 3.80765 14.9971
1.1 2.53757 431.38 -428.842 4.32637 14.9971
1.2 2.99615 431.38 -428.384 4.84508 9.34728
1.3 3.47834 431.38 -427.901 4.79881 15
1.4 3.98417 431.38 -427.396 5.31781 14.9992
1.5 4.5419 431.38 -426.838 5.83673 9.843
1.6 5.12574 431.38 -426.254 5.84003 14.9971
1.7 5.73567 431.38 -425.644 6.35874 11.8063
1.8 6.38153 431.38 -424.998 6.55837 12.0644
1.9 7.04864 431.38 -424.331 6.78381 12.9898
2 7.74292 431.38 -423.637 7.10179 14.9186
2.1 8.47864 431.38 -422.901 7.61265 14.9995
2.2 9.26585 431.38 -422.114 8.13161 14.9971
2.3 10.105 431.38 -421.275 8.65032 14.9996
2.4 10.9959 431.38 -420.384 9.16928 12.8963
2.5 11.9283 431.38 -419.451 9.4779 14.9999
2.6 12.902 431.38 -418.478 9.99689 14.9999
2.7 13.9277 431.38 -417.452 10.5159 13.2753
2.8 14.9966 431.38 -416.383 10.8624 12.1629
2.9 16.0946 431.38 -415.285 11.0977 14.9606
3 17.2301 431.38 -414.15 11.6128 11.4132
3.1 18.3994 431.38 -412.98 11.7731 13.8334
3.2 19.5968 431.38 -411.783 12.1754 13.8411
3.3 20.8345 431.38 -410.545 12.5785 10.4245
3.4 22.0954 431.38 -409.284 12.64 13.2487
3.5 23.3766 431.38 -408.003 12.9838 14.3017
3.6 24.6975 431.38 -406.682 13.433 15
3.7 26.0667 431.38 -405.313 13.952 14.9971
3.8 27.4879 431.38 -403.892 14.4707 14.9988
3.9 28.9609 431.38 -402.419 14.9896 10.4245
4 30.4629 431.38 -400.917 15.0511 9.99712
4.1 31.969 431.38 -399.411 15.0698 14.9971
4.2 33.5019 431.38 -397.878 15.5885 14.9971
4.3 35.0867 431.38 -396.293 16.1072 1.92197
4.4 36.6579 431.38 -394.722 15.3184 1.49684
4.5 38.1482 431.38 -393.232 14.4871 1.08107
4.6 39.5533 431.38 -391.826 13.6142 14.9971
4.7 40.9406 431.38 -390.439 14.1329 12.447
4.8 42.3671 431.38 -389.013 14.3966 13.5842
4.9 43.8256 431.38 -387.554 14.774 14.5943
5 45.327 431.38 -386.053 15.2525 11.4132
5.1 46.8602 431.38 -384.52 15.4128 14.9971
5.2 48.4274 431.38 -382.952 15.9315 14.9937
5.3 50.0465 431.38 -381.333 16.4499 13.0666
5.4 51.7078 431.38 -379.672 16.7755 11.6827
5.5 53.3947 431.38 -377.985 16.9628 10.8571
5.6 55.0962 431.38 -376.284 17.0675 14.9815
5.7 56.8288 431.38 -374.551 17.5846 3.16963
5.8 58.5541 431.38 -372.826 16.9206 10.4245
5.9 60.2492 431.38 -371.131 16.9821 13.884
6 61.9678 431.38 -369.412 17.3895 10.2342
6.1 63.7088 431.38 -367.671 17.4319 9.23081
6.2 65.4491 431.38 -365.931 17.374 10.1876
6.3 67.1884 431.38 -364.191 17.4117 14.9971
6.4 68.9555 431.38 -362.424 17.9304 0.136782
6.5 70.7002 431.38 -360.68 16.9631 14.9941
6.6 72.4224 431.38 -358.957 17.4815 14.9971
6.7 74.1965 431.38 -357.183 18.0002 14.9971
6.8 76.0225 431.38 -355.357 18.519 11.9055
6.9 77.8849 431.38 -353.495 18.7285 12.1935
7 79.7696 431.38 -351.61 18.9668 14.8545
7.1 81.6915 431.38 -349.688 19.4713 14.9899
7.2 83.6646 431.38 -347.715 19.9893 14.9937
7.3 85.6894 431.38 -345.69 20.5077 12.8963
7.4 87.7556 431.38 -343.624 20.8163 14.9971
7.5 89.8632 431.38 -341.517 21.335 13.7203
7.6 92.0162 431.38 -339.364 21.726 14.9341
7.7 94.2144 431.38 -337.165 22.2384 14.993
7.8 96.4642 431.38 -334.916 22.7567 14.9806
7.9 98.7657 431.38 -332.614 23.2738 14.9984
8 101.119 431.38 -330.261 23.7926 14.9937
8.1 103.524 431.38 -327.856 24.311 14.1771
8.2 105.977 431.38 -325.403 24.7477 12.6906
8.3 108.466 431.38 -322.913 25.0358 13.5842
8.4 110.989 431.38 -320.391 25.4132 14.9995
8.5 113.556 431.38 -317.824 25.9322 13.5793
8.6 116.168 431.38 -315.212 26.3091 14.9937
8.7 118.825 431.38 -312.555 26.8275 9.69142
8.8 121.507 431.38 -309.873 26.8156 12.9926
8.9 124.205 431.38 -307.175 27.1339 11.9055
9 126.928 431.38 -304.451 27.3434 14.996
9.1 129.689 431.38 -301.691 27.862 12.628
9.2 132.489 431.38 -298.891 28.1438 14.9937
9.3 135.329 431.38 -296.05 28.6622 14.9008
9.4 138.221 431.38 -293.159 29.1712 14.9998
9.5 141.164 431.38 -290.216 29.6902 12.9926
9.6 144.149 431.38 -287.231 30.0085 14.6349
9.7 147.174 431.38 -284.206 30.491 14.1986
9.8 150.245 431.38 -281.135 30.9298 12.9926
9.9 153.354 431.38 -278.026 31.2481 15
10 156.505 431.38 -274.875 31.7671 14.7185
10.1 159.706 431.38 -271.674 32.2579 12.9926
10.2 162.948 431.38 -268.432 32.5762 14.9937
10.3 166.231 431.38 -265.149 33.0946 12.9926
10.4 169.557 431.38 -261.823 33.4128 14.996
10.5 172.924 431.38 -258.456 33.9314 12.447
10.6 176.33 431.38 -255.05 34.1951 14.9937
10.7 179.775 431.38 -251.604 34.7135 12.9926
10.8 183.263 431.38 -248.117 35.0318 12.9926
10.9 186.782 431.38 -244.598 35.35 15
11 190.343 431.38 -241.037 35.869 13.6625
11.1 193.949 431.38 -237.431 36.2543 14.9999
11.2 197.6 431.38 -233.779 36.7732 12.9926
11.3 201.294 431.38 -230.086 37.0915 2.90734
11.4 204.968 431.38 -226.412 36.4012 9.75942
11.5 208.608 431.38 -222.772 36.3962 14.9992
11.6 212.274 431.38 -219.106 36.9151 15
11.7 215.991 431.38 -215.389 37.4341 14.7185
11.8 219.759 431.38 -211.621 37.9249 14.9937
11.9 223.577 431.38 -207.802 38.4433 14.5943
12 227.446 431.38 -203.934 38.9218 11.0345
12.1 231.344 431.38 -200.036 39.0442 12.9926
12.2 235.264 431.38 -196.115 39.3625 12.8963
12.3 239.216 431.38 -192.164 39.6711 14.9937
12.4 243.209 431.38 -188.171 40.1895 14.9948
12.5 247.254 431.38 -184.126 40.7079 9.75942
12.6 251.324 431.38 -180.055 40.7029 12.9926
12.7 255.411 431.38 -175.969 41.0211 10.4245
12.8 259.516 431.38 -171.864 41.0826 12.9926
12.9 263.64 431.38 -167.74 41.4009 0.0011067
13 267.731 431.38 -163.649 40.42 13.2753
13.1 271.79 431.38 -159.589 40.7665 14.9981
13.2 275.893 431.38 -155.487 41.2853 10.3628
13.3 280.024 431.38 -151.356 41.3406 13.2214
13.4 284.175 431.38 -147.204 41.6817 13.8334
13.5 288.364 431.38 -143.016 42.0841 0.0013221
13.6 292.523 431.38 -138.857 41.1032 13.4892
13.7 296.652 431.38 -134.728 41.4711 10.0636
13.8 300.8 431.38 -130.58 41.4965 14.5189
13.9 304.973 431.38 -126.406 41.9674 14.9937
14 309.196 431.38 -122.184 42.4858 10.0636
14.1 313.446 431.38 -117.934 42.5111 14.3381
14.2 317.72 431.38 -113.66 42.9639 9.76795
14.3 322.016 431.38 -109.364 42.9597 13.4892
14.4 326.33 431.38 -105.05 43.3276 10.4245
14.5 330.666 431.38 -100.714 43.3891 9.99712
14.6 335.006 431.38 -96.374 43.4078 14.9937
14.7 339.373 431.38 -92.0073 43.9262 14.996
14.8 343.791 431.38 -87.5887 44.4448 12.9926
14.9 348.251 431.38 -83.1283 44.763 12.9926
15 352.744 431.38 -78.6361 45.0813 14.2267
15.1 357.274 431.38 -74.1059 45.523 12.9926
15.2 361.842 431.38 -69.5377 45.8412 10.2669
15.3 366.428 431.38 -64.9513 45.8869 14.3758
15.4 371.04 431.38 -60.3398 46.3435 10.2669
15.5 375.677 431.38 -55.7031 46.3892 13.8411
15.6 380.336 431.38 -51.0441 46.7923 0.000286027
15.7 384.966 431.38 -46.4139 45.8113 14.1719
15.8 389.569 431.38 -41.8109 46.2475 14.2716
15.9 394.216 431.38 -37.1639 46.6937 0.000235313
16 398.836 431.38 -32.5436 45.7127 0.000235313
16.1 403.358 431.38 -28.0213 44.7317 13.8411
16.2 407.852 431.38 -23.528 45.1348 0.00548071
16.3 412.316 431.38 -19.0636 44.1544 0.704408
16.4 416.686 431.38 -14.6936 43.2438 0.0190125
16.5 420.962 431.38 -10.4182 42.2647 14.1986
16.6 425.21 431.38 -6.16981 42.7036 0.19355
16.7 429.432 431.38 -1.94754 41.7419 13.7203
16.8 433.626 431.38 2.24621 42.133 0.0131778
16.9 437.79 431.38 6.41052 41.1533 11.5734
17 441.914 431.38 10.5347 41.3296 3.91364
17.1 446.018 431.38 14.6381 40.74 12.0644
17.2 450.103 431.38 18.7234 40.9654 0.169628
17.3 454.152 431.38 22.7718 40.0014 0.20848
17.4 458.104 431.38 26.7239 39.0412 0.26273
17.5 461.96 431.38 30.5803 38.0865 0.128085
17.6 465.72 431.38 34.3405 37.1183 0.128085
17.7 469.384 431.38 38.0039 36.1501 0.611291
17.8 472.953 431.38 41.5729 35.2302 0.0820803
17.9 476.427 431.38 45.0473 34.2575 0.108218
18 479.804 431.38 48.4246 33.2873 12.5239
18.1 483.147 431.38 51.7669 33.5587 14.8877
18.2 486.528 431.38 55.1481 34.0664 0.0013221
18.3 489.885 431.38 58.5057 33.0856 0.0013221
18.4 493.145 431.38 61.7652 32.1047 0.0013221
18.5 496.306 431.38 64.9267 31.1238 0.0013221
18.6 499.37 431.38 67.99 30.143 14.998
18.7 502.41 431.38 71.0302 30.6618 10.0066
18.8 505.477 431.38 74.0974 30.6814 0.0013221
18.9 508.496 431.38 77.1165 29.7006 1.82823
19 511.426 431.38 80.0467 28.9024 0.022765
19.1 514.268 431.38 82.888 27.9237 14.9958
19.2 517.086 431.38 85.7063 28.4422 0.022765
19.3 519.881 431.38 88.5015 27.4635 14.8514
19.4 522.653 431.38 91.2731 27.9677 14.9911
19.5 525.476 431.38 94.0958 28.4858 2.58905
19.6 528.288 431.38 96.9082 27.7637 14.9998
19.7 531.09 431.38 99.7106 28.2827 4.84081
19.8 533.894 431.38 102.514 27.7857 2.90734
19.9 536.638 431.38 105.258 27.0955 0.00140781
20 539.298 431.38 107.919 26.1146 9.62994
20.1 541.909 431.38 110.529 26.0966 0.00140781
20.2 544.469 431.38 113.09 25.1158 0.00140781
20.3 546.932 431.38 115.552 24.1349 0.00140781
20.4 549.296 431.38 117.917 23.154 0.0347325
20.5 551.563 431.38 120.183 22.1765 14.9814
20.6 553.807 431.38 122.427 22.6936 0.00140781
20.7 556.027 431.38 124.647 21.7128 0.00140781
20.8 558.149 431.38 126.769 20.7319 0.0226694
20.9 560.173 431.38 128.794 19.7532 0.0226694
21 562.1 431.38 130.72 18.7745 0.0226694
21.1 563.928 431.38 132.548 17.7957 0.0183387
21.2 565.659 431.38 134.279 16.8166 0.0226694
21.3 567.292 431.38 135.912 15.8378 1.82823
21.4 568.835 431.38 137.456 15.0397 0.0226694
21.5 570.29 431.38 138.911 14.0609 13.5793
21.6 571.715 431.38 140.336 14.4378 0.0226694
21.7 573.11 431.38 141.73 13.4591 0.0226694
21.8 574.407 431.38 143.027 12.4804 0.0226694
21.9 575.606 431.38 144.227 11.5016 0.0226694
22 576.708 431.38 145.328 10.5229 0.850527
22.1 577.715 431.38 146.335 9.62696 0.0318414
22.2 578.629 431.38 147.249 8.64915 0.0318414
22.3 579.445 431.38 148.065 7.67133 0.0318414
22.4 580.163 431.38 148.783 6.69352 1.28811
22.5 580.79 431.38 149.41 5.84133 0.0318414
22.6 581.325 431.38 149.945 4.86351 0.0318414
22.7 581.763 431.38 150.383 3.8857 5.84974
22.8 582.131 431.38 150.752 3.48967 7.73444
22.9 582.47 431.38 151.09 3.28212 3.91364
23 582.769 431.38 151.389 2.69248 0.589905
23.1 582.992 431.38 151.612 1.77047 0.0318414
23.2 583.12 431.38 151.74 0.792654 3.50357
23.3 583.168 431.38 151.788 0.162011 0.0318414
23.4 583.135 431.38 151.755 -0.815804 0.0318414
23.5 583.005 431.38 151.625 -1.79362 14.4273
23.6 582.848 431.38 151.468 -1.33189 0.0318414
23.7 582.666 431.38 151.286 -2.3097 0.0318414
23.8 582.386 431.38 151.007 -3.28752 14.612
23.9 582.082 431.38 150.702 -2.80732 0.0318414
24 581.752 431.38 150.372 -3.78513 0.0318414
24.1 581.325 431.38 149.945 -4.76295 3.85089
24.2 580.818 431.38 149.439 -5.35886 9.41592
24.3 580.281 431.38 148.901 -5.39827 0.0318414
24.4 579.692 431.38 148.312 -6.37608 6.61151
24.5 579.038 431.38 147.658 -6.69593 4.56413
24.6 578.342 431.38 146.963 -7.22052 4.7058
24.7 577.595 431.38 146.215 -7.73094 0.0318414
24.8 576.773 431.38 145.393 -8.70876 3.85089
24.9 575.872 431.38 144.492 -9.30467 3.85089
25 574.912 431.38 143.532 -9.90058 4.50547
25.1 573.895 431.38 142.516 -10.431 14.7583
25.2 572.877 431.38 141.497 -9.9362 3.12743
25.3 571.85 431.38 140.47 -10.6045 0.0318414
25.4 570.741 431.38 139.361 -11.5823 13.7203
25.5 569.602 431.38 138.222 -11.1912 1.08107
25.6 568.439 431.38 137.059 -12.0641 6.64258
25.7 567.217 431.38 135.837 -12.3809 0.0318414
25.8 565.93 431.38 134.55 -13.3587 1.08107
25.9 564.55 431.38 133.171 -14.2316 0.0318414
26 563.078 431.38 131.699 -15.2094 1.08107
26.1 561.514 431.38 130.134 -16.0823 1.08107
26.2 559.862 431.38 128.482 -16.9552 4.50547
26.3 558.14 431.38 126.76 -17.4856 1.92197
26.4 556.352 431.38 124.972 -18.2744 1.08107
26.5 554.481 431.38 123.101 -19.1473 1.62435
26.6 552.525 431.38 121.145 -19.9659 2.60436
26.7 550.493 431.38 119.113 -20.6865 12.7977
26.8 548.439 431.38 117.059 -20.3877 14.1005
26.9 546.422 431.38 115.042 -19.9586 1.08107
27 544.382 431.38 113.002 -20.8315 2.60436
27.1 542.263 431.38 110.883 -21.5521 12.0644
27.2 540.119 431.38 108.739 -21.3267 14.9999
27.3 538.012 431.38 106.632 -20.8077 14.1005
27.4 535.953 431.38 104.573 -20.3786 14.1005
27.5 533.936 431.38 102.557 -19.9496 1.08107
27.6 531.898 431.38 100.518 -20.8225 1.08107
27.7 529.772 431.38 98.3922 -21.6954 14.9999
27.8 527.628 431.38 96.2486 -21.1764 2.2705
27.9 525.473 431.38 94.0932 -21.9303 14.9999
28 523.306 431.38 91.9262 -21.4113 13.9241
28.1 521.185 431.38 89.8056 -20.9999 9.843
28.2 519.086 431.38 87.7058 -20.9966 12.2496
28.3 516.998 431.38 85.6183 -20.7527 1.87664
28.4 514.883 431.38 83.5034 -21.546 4.13004
28.5 512.7 431.38 81.3204 -22.114 14.1005
28.6 510.51 431.38 79.1304 -21.685 7.27562
28.7 508.329 431.38 76.9493 -21.9384 14.5255
28.8 506.159 431.38 74.779 -21.4668 1.08107
28.9 503.968 431.38 72.5887 -22.3397 5.95113
29 501.715 431.38 70.3354 -22.7256 13.4598
29.1 499.461 431.38 68.0811 -22.3606 3.12743
29.2 497.191 431.38 65.8116 -23.0289 13.4503
29.3 494.907 431.38 63.5269 -22.6649 15
29.4 492.666 431.38 61.2864 -22.1459 1.49684
29.5 490.41 431.38 59.0302 -22.9772 15
29.6 488.138 431.38 56.7585 -22.4582 0.682669
29.7 485.847 431.38 54.467 -23.3709 7.56109
29.8 483.498 431.38 52.1187 -23.5958 14.9996
29.9 481.165 431.38 49.785 -23.0768 14.8979
30 478.883 431.38 47.5028 -22.5681 14.9999
30.1 476.652 431.38 45.2719 -22.0491 13.6319
30.2 474.466 431.38 43.0861 -21.6669 15
30.3 472.325 431.38 40.9454 -21.1479 11.9055
30.4 470.221 431.38 38.8411 -20.9383 5.69134
30.5 468.106 431.38 36.7267 -21.3502 13.6319
30.6 465.991 431.38 34.6108 -20.968 13.0711
30.7 463.91 431.38 32.5303 -20.6419 7.83423
30.8 461.836 431.38 30.4562 -20.8395 15
30.9 459.778 431.38 28.3982 -20.3205 15
31 457.772 431.38 26.3921 -19.8015 15
31.1 455.818 431.38 24.4379 -19.2825 13.0711
31.2 453.906 431.38 22.526 -18.9564 13.0711
31.3 452.026 431.38 20.6466 -18.6303 11.891
31.4 450.174 431.38 18.794 -18.4222 6.78891
31.5 448.316 431.38 16.9367 -18.7243 14.9958
31.6 446.47 431.38 15.0902 -18.2057 14.9999
31.7 444.675 431.38 13.2956 -17.6867 14.9646
31.8 442.932 431.38 11.5527 -17.1713 14.9958
31.9 441.241 431.38 9.86146 -16.6527 14.9997
32 439.602 431.38 8.22214 -16.1337 3.28781
32.1 437.956 431.38 6.57616 -16.7859 14.4887
32.2 436.301 431.38 4.92096 -16.3181 14.8317
32.3 434.694 431.38 3.31427 -15.8159 14.4887
32.4 433.136 431.38 1.75607 -15.348 14.9575
32.5 431.627 431.38 0.247007 -14.8333 14.4887
32.6 430.167 431.38 -1.21292 -14.3654 14.9989
32.7 428.756 431.38 -2.62352 -13.8465 14.9989
32.8 427.398 431.38 -3.98222 -13.3276 14.1547
32.9 426.087 431.38 -5.29326 -12.8931 14.4887
33 424.821 431.38 -6.55918 -12.4253 14.9646
33.1 423.604 431.38 -7.77593 -11.9098 14.9646
33.2 422.439 431.38 -8.94114 -11.3943 14.9646
33.3 421.325 431.38 -10.0548 -10.8789 14.9989
33.4 420.263 431.38 -11.1167 -10.36 14.4887
33.5 419.25 431.38 -12.1293 -9.89211 12.1629
33.6 418.273 431.38 -13.1068 -9.65682 14.9989
33.7 417.333 431.38 -14.0465 -9.13793 14.9989
33.8 416.445 431.38 -14.9344 -8.61904 14.9989
33.9 415.609 431.38 -15.7703 -8.10014 4.69366
34 414.774 431.38 -16.6059 -8.61178 11.248
34.1 413.92 431.38 -17.4599 -8.46798 14.9989
34.2 413.099 431.38 -18.2808 -7.94909 14.9989
34.3 412.33 431.38 -19.0497 -7.4302 14.9577
34.4 411.613 431.38 -19.767 -6.91542 14.9577
34.5 410.947 431.38 -20.4328 -6.40065 14.9577
34.6 410.333 431.38 -21.0471 -5.88588 14.9989
34.7 409.77 431.38 -21.6098 -5.36699 14.9989
34.8 409.259 431.38 -22.1205 -4.8481 4.13004
34.9 408.746 431.38 -22.6338 -5.41609 14.9989
35 408.23 431.38 -23.1494 -4.8972 10.975
35.1 407.746 431.38 -23.6333 -4.7807 14.9577
35.2 407.294 431.38 -24.0856 -4.26593 14.9577
35.3 406.893 431.38 -24.4865 -3.75116 14.9577
35.4 406.544 431.38 -24.8359 -3.23639 13.884
35.5 406.241 431.38 -25.1391 -2.82899 14.612
35.6 405.982 431.38 -25.398 -2.34879 14.9989
35.7 405.773 431.38 -25.607 -1.8299 14.4887
35.8 405.613 431.38 -25.7666 -1.36202 6.66313
35.9 405.461 431.38 -25.9185 -1.67671 14.9989
36 405.32 431.38 -26.0602 -1.15782 14.9989
36.1 405.23 431.38 -26.1501 -0.638925 13.2487
36.2 405.183 431.38 -26.1968 -0.29506 12.1198
36.3 405.165 431.38 -26.2147 -0.064075 3.45125
36.4 405.127 431.38 -26.2529 -0.69995 14.9989
36.5 405.083 431.38 -26.297 -0.181057 8.16459
36.6 405.056 431.38 -26.3233 -0.345598 13.9241
36.7 405.042 431.38 -26.3373 0.0658138 14.9989
36.8 405.075 431.38 -26.3048 0.584707 14.9989
36.9 405.159 431.38 -26.2204 1.1036 4.69366
37 405.244 431.38 -26.1356 0.591965 13.4028
37.1 405.321 431.38 -26.0584 0.951243 13.4028
37.2 405.434 431.38 -25.9453 1.31052 12.5508
37.3 405.579 431.38 -25.8006 1.5846 14.9989
37.4 405.764 431.38 -25.6162 2.1035 14.9989
37.5 406 431.38 -25.3799 2.62239 14.9989
37.6 406.288 431.38 -25.0917 3.14128 3.08646
37.7 406.569 431.38 -24.8112 2.46893 14.9989
37.8 406.841 431.38 -24.5383 2.98782 14.9989
37.9 407.166 431.38 -24.2136 3.50671 9.843
38 407.517 431.38 -23.8628 3.51001 0.49628
38.1 407.821 431.38 -23.5583 2.57864 14.414
38.2 408.102 431.38 -23.2775 3.03905 14.9989
38.3 408.432 431.38 -22.9476 3.55794 7.56109
38.4 408.777 431.38 -22.6031 3.33305 14.9989
38.5 409.136 431.38 -22.2438 3.85194 14.7208
38.6 409.546 431.38 -21.8341 4.34302 0.589905
38.7 409.934 431.38 -21.4459 3.42101 14.9989
38.8 410.302 431.38 -21.0778 3.93991 12.8852
38.9 410.711 431.38 -20.6685 4.24743 14.9989
39 411.162 431.38 -20.2178 4.76632 14.9989
39.1 411.665 431.38 -19.7152 5.28521 14.1575
39.2 412.215 431.38 -19.1649 5.71996 3.99278
39.3 412.758 431.38 -18.622 5.13824 6.78891
39.4 413.256 431.38 -18.1233 4.83613 14.9989
39.5 413.766 431.38 -17.6137 5.35503 14.9989
39.6 414.327 431.38 -17.0523 5.87392 14.9989
39.7 414.941 431.38 -16.439 6.39281 4.56413
39.8 415.554 431.38 -15.8259 5.86822 5.69134
39.9 416.12 431.38 -15.2597 5.45636 14.9989
40 416.692 431.38 -14.6881 5.97525 3.99278
40.1 417.26 431.38 -14.1197 5.39353 3.99278
40.2 417.77 431.38 -13.6094 4.81181 14.9989
40.3 418.278 431.38 -13.1023 5.3307 6.78891
40.4 418.795 431.38 -12.5843 5.02859 12.5508
40.5 419.312 431.38 -12.0677 5.30267 14.9989
40.6 419.868 431.38 -11.5115 5.82157 11.0482
40.7 420.457 431.38 -10.9232 5.94538 0.309135
40.8 421.004 431.38 -10.3761 4.9953 9.13711
40.9 421.5 431.38 -9.87998 4.92801 12.6564
41 422.007 431.38 -9.37295 5.21265 3.99278
41.1 422.499 431.38 -8.88077 4.63093 3.99278
41.2 422.933 431.38 -8.44676 4.04921 3.99278
41.3 423.309 431.38 -8.07093 3.46748 4.69366
41.4 423.63 431.38 -7.74976 2.95585 13.8411
41.5 423.946 431.38 -7.43402 3.35896 3.99278
41.6 424.253 431.38 -7.12721 2.77724 3.61266
41.7 424.499 431.38 -6.88047 2.1575 3.08646
41.8 424.681 431.38 -6.69834 1.48515 14.9646
41.9 424.856 431.38 -6.52405 2.00061 9.6784
42 425.055 431.38 -6.32465 1.98745 14.5389
42.1 425.278 431.38 -6.10226 2.46034 13.3333
42.2 425.541 431.38 -5.83861 2.81266 8.24402
42.3 425.815 431.38 -5.56518 2.65606 11.6827
42.4 426.09 431.38 -5.29021 2.84333 7.04912
42.5 426.36 431.38 -5.01968 2.56724 14.612
42.6 426.641 431.38 -4.73894 3.04744 14.9989
42.7 426.972 431.38 -4.40825 3.56634 3.61266
42.8 427.297 431.38 -4.08261 2.9466 6.91818
42.9 427.577 431.38 -3.80241 2.65742 6.91818
43 427.829 431.38 -3.55112 2.36824 4.7058
43.1 428.04 431.38 -3.33982 1.85782 14.9646
43.2 428.252 431.38 -3.12827 2.37328 14.9989
43.3 428.515 431.38 -2.86499 2.89217 1.20847
43.4 428.761 431.38 -2.61878 2.03202 4.7058
43.5 428.939 431.38 -2.4411 1.5216 14.9646
43.6 429.117 431.38 -2.26317 2.03706 14.7827
43.7 429.345 431.38 -2.0346 2.53433 12.6564
43.8 429.613 431.38 -1.76694 2.81897 5.80442
43.9 429.875 431.38 -1.50507 2.41841 9.41592
44 430.115 431.38 -1.2652 2.379 7.04912
44.1 430.339 431.38 -1.0411 2.10292 13.9241
44.2 430.57 431.38 -0.810239 2.51433 14.5389
44.3 430.845 431.38 -0.535162 2.98722 11.9698
44.4 431.154 431.38 -0.225641 3.2032 8.49661
44.5 431.468 431.38 0.0881114 3.07186 12.447
44.6 431.788 431.38 0.408482 3.33555 13.6625
44.7 432.141 431.38 0.7613 3.7208 6.91818
44.8 432.499 431.38 1.11892 3.43162 4.7058
44.9 432.816 431.38 1.43656 2.9212 13.5793
45 433.127 431.38 1.74753 3.29813 9.58245
45.1 433.456 431.38 2.0762 3.27537 14.972
45.2 433.809 431.38 2.42955 3.79157 14.5189
45.3 434.212 431.38 2.83225 4.26246 3.08646
45.4 434.605 431.38 3.22488 3.59011 12.9926
45.5 434.98 431.38 3.5998 3.90837 3.08646
45.6 435.337 431.38 3.95702 3.23601 3.08646
45.7 435.627 431.38 4.24701 2.56366 14.9989
45.8 435.909 431.38 4.52932 3.08255 3.08646
45.9 436.184 431.38 4.80395 2.4102 14.8026
46 436.45 431.38 5.06994 2.90945 9.34728
46.1 436.738 431.38 5.35857 2.86318 14.9997
46.2 437.051 431.38 5.67084 3.38216 14.9989
46.3 437.415 431.38 6.035 3.90105 14.8184
46.4 437.83 431.38 6.45014 4.40189 13.8294
46.5 438.29 431.38 6.91043 4.80383 3.54322
46.6 438.739 431.38 7.35948 4.17715 3.54322
46.7 439.126 431.38 7.74586 3.55048 3.54322
46.8 439.449 431.38 8.06957 2.9238 4.69366
46.9 439.716 431.38 8.33637 2.41216 14.3313
47 439.98 431.38 8.6002 2.8643 11.6436
47.1 440.276 431.38 8.89579 3.04766 3.08646
47.2 440.547 431.38 9.16694 2.37531 14.9711
47.3 440.81 431.38 9.43028 2.89142 14.9534
47.4 441.125 431.38 9.74514 3.40576 3.08646
47.5 441.432 431.38 10.0521 2.73341 3.92218
47.6 441.676 431.38 10.296 2.14462 14.9186
47.7 441.916 431.38 10.536 2.65548 3.08646
47.8 442.148 431.38 10.7679 1.98313 14.6349
47.9 442.37 431.38 10.9904 2.46562 3.92218
48 442.587 431.38 11.2075 1.87684 14.8545
48.1 442.8 431.38 11.4204 2.38128 9.41592
48.2 443.036 431.38 11.6566 2.34187 3.08646
48.3 443.237 431.38 11.8571 1.66952 5.68682
48.4 443.383 431.38 12.0035 1.2572 14.7336
48.5 443.534 431.38 12.1538 1.74957 14.7336
48.6 443.733 431.38 12.3534 2.24193 4.31019
48.7 443.93 431.38 12.5501 1.69195 14.9186
48.8 444.125 431.38 12.7448 2.20281 8.6071
48.9 444.339 431.38 12.9591 2.08252 2.60436
49 444.511 431.38 13.1313 1.36195 3.92218
49.1 444.618 431.38 13.2381 0.773171 8.01004
49.2 444.686 431.38 13.3064 0.593175 13.7203
49.3 444.765 431.38 13.3852 0.984205 10.7144
49.4 444.868 431.38 13.4882 1.07465 13.0261
49.5 444.991 431.38 13.6117 1.39625 3.49577
49.6 445.1 431.38 13.7198 0.764832 14.9186
49.7 445.202 431.38 13.8218 1.27569 3.12743
49.8 445.296 431.38 13.916 0.607435 2.2705
49.9 445.319 431.38 13.939 -0.146515 1.62248
50 445.263 366.586 78.6773 -0.965268 2.55678
50.1 445.13 366.586 78.5445 -1.69059 0.0448242
50.2 444.913 366.586 78.3266 -2.66711 9.62994
50.3 444.645 366.586 78.059 -2.68511 4.12171
50.4 444.348 366.586 77.762 -3.25394 3.49577
50.5 443.991 366.586 77.4051 -3.88537 0.0448242
50.6 443.554 366.586 76.9677 -4.86188 7.9206
50.7 443.058 366.586 76.4721 -5.05082 1.14903
50.8 442.51 366.586 75.9237 -5.91692 6.65427
50.9 441.902 366.586 75.3162 -6.23249 5.83712
51 441.259 366.586 74.6731 -6.62978 13.4116
51.1 440.614 366.586 74.0281 -6.26962 10.8192
51.2 439.992 366.586 73.4062 -6.16871 13.8334
51.3 439.395 366.586 72.8094 -5.76636 9.58245
51.4 438.818 366.586 72.2317 -5.78912 5.28585
51.5 438.216 366.586 71.6301 -6.24153 0.751121
51.6 437.547 366.586 70.9607 -7.14742 1.08107
51.7 436.788 366.586 70.2023 -8.02032 6.78891
51.8 435.971 366.586 69.3852 -8.32242 13.9949
51.9 435.16 366.586 68.5738 -7.90393 0.0619121
52 434.321 366.586 67.7347 -8.87874 9.76795
52.1 433.433 366.586 66.8466 -8.88295 4.31019
52.2 432.517 366.586 65.9308 -9.43293 12.8963
52.3 431.589 366.586 65.003 -9.1243 14.5943
52.4 430.7 366.586 64.1145 -8.64587 11.3619
52.5 429.844 366.586 63.2576 -8.49068 14.4273
52.6 429.018 366.586 62.4317 -8.02895 4.56413
52.7 428.188 366.586 61.6025 -8.55353 0.0619121
52.8 427.284 366.586 60.6984 -9.52834 9.843
52.9 426.332 366.586 59.7458 -9.52504 5.69134
53 425.359 366.586 58.7727 -9.93691 12.1174
53.1 424.376 366.586 57.7905 -9.70617 7.85683
53.2 423.396 366.586 56.8101 -9.90149 0.682669
53.3 422.36 366.586 55.7744 -10.8142 1.08107
53.4 421.235 366.586 54.6493 -11.6871 7.85683
53.5 420.057 366.586 53.4708 -11.8824 10.1088
53.6 418.87 366.586 52.2841 -11.8526 14.37
53.7 417.708 366.586 51.1216 -11.3966 9.24251
53.8 416.565 366.586 49.9791 -11.4533 10.6294
53.9 415.424 366.586 48.8379 -11.3714 13.0711
54 414.303 366.586 47.717 -11.0453 0.49628
54.1 413.152 366.586 46.566 -11.9766 13.0711
54.2 411.971 366.586 45.3846 -11.6505 8.83628
54.3 410.801 366.586 44.2147 -11.7479 4.56413
54.4 409.6 366.586 43.0137 -12.2725 13.0711
54.5 408.389 366.586 41.8027 -11.9464 14.9907
54.6 407.22 366.586 40.634 -11.4283 13.0711
54.7 406.093 366.586 39.5075 -11.1022 8.6071
54.8 404.977 366.586 38.3912 -11.2225 13.6322
54.9 403.874 366.586 37.2881 -10.8403 14.4273
55 402.813 366.586 36.2271 -10.3785 14.5722
55.1 401.799 366.586 35.2131 -9.90231 13.8302
55.2 400.829 366.586 34.243 -9.50029 14.9389
55.3 399.905 366.586 33.3186 -8.9874 14.8317
55.4 399.031 366.586 32.445 -8.48523 13.0711
55.5 398.199 366.586 31.6127 -8.15912 14.9907
55.6 397.409 366.586 30.8227 -7.64105 13.0711
55.7 396.661 366.586 30.0749 -7.31495 14.9907
55.8 395.955 366.586 29.3693 -6.79688 13.0711
55.9 395.292 366.586 28.706 -6.47077 14.7514
56 394.67 366.586 28.0836 -5.97663 13.0711
56.1 394.088 366.586 27.5022 -5.65052 14.9815
56.2 393.549 366.586 26.963 -5.13337 14.9008
56.3 393.061 366.586 26.4752 -4.62428 13.0711
56.4 392.615 366.586 26.029 -4.29818 14.9953
56.5 392.211 366.586 25.6251 -3.77964 13.0711
56.6 391.849 366.586 25.2635 -3.45354 14.4273
56.7 391.527 366.586 24.9412 -2.9918 0.0757806
56.8 391.179 366.586 24.5934 -3.96522 14.856
56.9 390.808 366.586 24.2221 -3.46063 13.0711
57 390.478 366.586 23.8923 -3.13452 14.9389
57.1 390.19 366.586 23.6045 -2.62163 14.9999
57.2 389.954 366.586 23.3683 -2.10263 11.891
57.3 389.754 366.586 23.1684 -1.89453 12.1629
57.4 389.577 366.586 22.9907 -1.65924 14.9999
57.5 389.437 366.586 22.8508 -1.14026 13.9036
57.6 389.343 366.586 22.7572 -0.730898 14.9584
57.7 389.296 366.586 22.7099 -0.216054 1.62248
57.8 389.233 366.586 22.6473 -1.03481 0.435642
57.9 389.083 366.586 22.497 -1.97224 14.9958
58 388.912 366.586 22.3257 -1.45367 14.7185
58.1 388.791 366.586 22.2049 -0.962817 14.9999
58.2 388.72 366.586 22.1345 -0.443822 0.19355
58.3 388.628 366.586 22.0421 -1.40547 4.17745
58.4 388.459 366.586 21.8733 -1.96872 13.5825
58.5 388.281 366.586 21.6953 -1.59148 13.0711
58.6 388.138 366.586 21.5525 -1.26537 0.913931
58.7 387.967 366.586 21.3815 -2.15498 14.9774
58.8 387.778 366.586 21.1918 -1.63824 0.435642
58.9 387.567 366.586 20.9811 -2.57567 12.9227
59 387.325 366.586 20.7391 -2.2644 14.784
59.1 387.123 366.586 20.5375 -1.767 14.8911
59.2 386.972 366.586 20.3863 -1.25889 13.0711
59.3 386.863 366.586 20.2767 -0.932779 15
59.4 386.795 366.586 20.2093 -0.413781 13.4116
59.5 386.772 366.586 20.186 -0.0536236 15
59.6 386.792 366.586 20.2066 0.465376 13.884
59.7 386.859 366.586 20.2735 0.872775 4.14242
59.8 386.918 366.586 20.3324 0.306017 13.0711
59.9 386.965 366.586 20.3793 0.632125 14.9999
60 387.054 366.586 20.4685 1.15112 13.0711
60.1 387.186 366.586 20.5999 1.47723 3.91364
60.2 387.304 366.586 20.7181 0.887592 13.0711
60.3 387.409 366.586 20.8232 1.2137 0.0757806
60.4 387.482 366.586 20.8959 0.240278 14.9084
60.5 387.531 366.586 20.9454 0.750116 2.2705
60.6 387.569 366.586 20.9827 -0.00383408 14.9577
60.7 387.594 366.586 21.0081 0.510937 14.0446
60.8 387.666 366.586 21.0804 0.934394 0.435642
60.9 387.713 366.586 21.1269 -0.00304162 14.3758
61 387.735 366.586 21.1494 0.453539 3.92218
61.1 387.751 366.586 21.1654 -0.135243 2.07749
61.2 387.699 366.586 21.1132 -0.908494 14.4273
61.3 387.631 366.586 21.0454 -0.446761 6.2013
61.4 387.569 366.586 20.9827 -0.807631 13.0711
61.5 387.504 366.586 20.9182 -0.481523 0.759233
61.6 387.411 366.586 20.8248 -1.3866 13.0711
61.7 387.288 366.586 20.7025 -1.06049 14.856
61.8 387.208 366.586 20.6217 -0.555892 9.23081
61.9 387.149 366.586 20.5632 -0.613811 0.435642
62 387.041 366.586 20.4549 -1.55125 14.8317
62.1 386.911 366.586 20.3249 -1.04908 0.0757806
62.2 386.757 366.586 20.1713 -2.0225 1.35965
62.3 386.513 366.586 19.9268 -2.86754 4.56413
62.4 386.2 366.586 19.6138 -3.39212 3.16963
62.5 385.827 366.586 19.2414 -4.05616 13.0711
62.6 385.438 366.586 18.8521 -3.73005 13.7203
62.7 385.085 366.586 18.4987 -3.33902 13.0261
62.8 384.767 366.586 18.1808 -3.01741 13.0711
62.9 384.481 366.586 17.8954 -2.69131 11.0482
63 384.218 366.586 17.6325 -2.56749 14.612
63.1 383.986 366.586 17.3997 -2.08729 14.4887
63.2 383.8 366.586 17.2144 -1.61941 3.54322
63.3 383.607 366.586 17.0211 -2.24609 9.24251
63.4 383.38 366.586 16.7937 -2.30284 14.9396
63.5 383.175 366.586 16.589 -1.78988 12.6906
63.6 383.01 366.586 16.4244 -1.50182 3.54322
63.7 382.829 366.586 16.2429 -2.1285 13.7518
63.8 382.636 366.586 16.0498 -1.73432 7.83423
63.9 382.452 366.586 15.8665 -1.93189 1.62248
64 382.218 366.586 15.6323 -2.75065 14.4887
64.1 381.967 366.586 15.3807 -2.28277 0.435642
64.2 381.691 366.586 15.1055 -3.22021 4.13004
64.3 381.341 366.586 14.7551 -3.7882 11.4132
64.4 380.97 366.586 14.3843 -3.62789 5.3786
64.5 380.585 366.586 13.9994 -4.07103 1.35965
64.6 380.136 366.586 13.55 -4.91606 14.4887
64.7 379.668 366.586 13.0818 -4.44819 3.12743
64.8 379.189 366.586 12.6036 -5.11645 5.86572
64.9 378.658 366.586 12.0722 -5.51087 14.1575
65 378.129 366.586 11.5428 -5.07612 14.9711
65.1 377.647 366.586 11.061 -4.56001 13.9949
65.2 377.212 366.586 10.626 -4.14152 14.4887
65.3 376.821 366.586 10.2352 -3.67364 14.7583
65.4 376.479 366.586 9.89258 -3.17881 14.4887
65.5 376.184 366.586 9.59809 -2.71094 10.975
65.6 375.919 366.586 9.33282 -2.59444 14.4887
65.7 375.683 366.586 9.09677 -2.12656 13.4116
65.8 375.488 366.586 8.90212 -1.76641 4.69366
65.9 375.286 366.586 8.6999 -2.27804 10.975
66 375.064 366.586 8.47792 -2.16154 14.8755
66.1 374.873 366.586 8.2871 -1.65499 9.41592
66.2 374.706 366.586 8.11963 -1.6944 13.0261
66.3 374.552 366.586 7.96627 -1.37279 14.9646
66.4 374.441 366.586 7.85476 -0.857331 11.7165
66.5 374.364 366.586 7.77856 -0.666685 7.55676
66.6 374.287 366.586 7.70062 -0.892009 13.7203
66.7 374.217 366.586 7.63098 -0.500979 14.8755
66.8 374.192 366.586 7.60621 0.00557395 14.9989
66.9 374.219 366.586 7.63271 0.524467 3.54322
67 374.24 366.586 7.65382 -0.102211 4.69366
67.1 374.204 366.586 7.61802 -0.613845 3.08646
67.2 374.109 366.586 7.52302 -1.2862 14.414
67.3 374.003 366.586 7.41742 -0.825796 14.4273
67.4 373.944 366.586 7.35792 -0.364063 14.8867
67.5 373.933 366.586 7.3469 0.143605 13.3333
67.6 373.965 366.586 7.37888 0.49593 3.54322
67.7 373.983 366.586 7.39714 -0.130747 5.69134
67.8 373.949 366.586 7.36347 -0.542613 4.69366
67.9 373.87 366.586 7.28362 -1.05425 3.12743
68 373.731 366.586 7.14479 -1.72251 14.4887
68.1 373.582 366.586 6.99593 -1.25463 4.69366
68.2 373.431 366.586 6.84489 -1.76627 13.7799
68.3 373.274 366.586 6.68811 -1.36928 3.08646
68.4 373.103 366.586 6.51756 -2.04163 14.4887
68.5 372.923 366.586 6.33679 -1.57376 4.69366
68.6 372.74 366.586 6.15384 -2.08539 14.8996
68.7 372.557 366.586 5.97074 -1.57644 3.54322
68.8 372.368 366.586 5.78177 -2.20311 14.9643
68.9 372.173 366.586 5.58723 -1.68768 5.88685
69 371.985 366.586 5.39884 -2.08 6.78891
69.1 371.762 366.586 5.17574 -2.38211 7.99461
69.2 371.514 366.586 4.92845 -2.56365 13.3333
69.3 371.276 366.586 4.6897 -2.21132 14.37
69.4 371.077 366.586 4.49137 -1.75532 7.99461
69.5 370.893 366.586 4.30676 -1.93686 13.3333
69.6 370.717 366.586 4.13069 -1.58453 7.99461
69.7 370.549 366.586 3.96316 -1.76607 9.34728
69.8 370.37 366.586 3.78424 -1.81235 14.8184
69.9 370.214 366.586 3.62805 -1.31151 9.34728
70 370.081 366.586 3.49458 -1.35778 14.9989
70.1 369.971 366.586 3.38475 -0.838887 13.884
70.2 369.907 366.586 3.32123 -0.431488 14.7336
70.3 369.889 366.586 3.3027 0.0608745 5.69134
70.4 369.874 366.586 3.28819 -0.350992 9.34728
70.5 369.837 366.586 3.25078 -0.397264 3.08646
70.6 369.763 366.586 3.17744 -1.06962 14.3951
70.7 369.679 366.586 3.0934 -0.611103 3.61266
70.8 369.587 366.586 3.0013 -1.23084 14.7336
70.9 369.489 366.586 2.90284 -0.738474 4.69366
71 369.389 366.586 2.80341 -1.25011 14.9348
71.1 369.29 366.586 2.70402 -0.737628 14.4887
71.2 369.24 366.586 2.65365 -0.269754 14.9989
71.3 369.239 366.586 2.65262 0.249139 11.7165
71.4 369.273 366.586 2.68707 0.439785 14.8338
71.5 369.342 366.586 2.75617 0.942168 5.69134
71.6 369.416 366.586 2.82979 0.530302 14.4887
71.7 369.492 366.586 2.90621 0.998176 3.99278
71.8 369.563 366.586 2.97695 0.416454 3.54322
71.9 369.573 366.586 2.98726 -0.210224 7.99461
72 369.543 366.586 2.95716 -0.391763 11.7165
72.1 369.513 366.586 2.92751 -0.201117 9.843
72.2 369.493 366.586 2.90757 -0.197817 14.7947
72.3 369.499 366.586 2.91271 0.300652 15
72.4 369.555 366.586 2.96872 0.819652 7.99461
72.5 369.628 366.586 3.04161 0.638113 14.9989
72.6 369.717 366.586 3.13137 1.15701 13.0261
72.7 369.849 366.586 3.26315 1.47861 6.78891
72.8 369.982 366.586 3.3959 1.1765 5.80442
72.9 370.079 366.586 3.49353 0.775947 14.991
73 370.183 366.586 3.59703 1.29404 14.8985
73.1 370.338 366.586 3.75187 1.80289 13.884
73.2 370.538 366.586 3.95253 2.21029 3.08646
73.3 370.726 366.586 4.13994 1.53794 9.11292
73.4 370.876 366.586 4.29025 1.46823 13.0261
73.5 371.039 366.586 4.45316 1.78984 14.9646
73.6 371.244 366.586 4.65791 2.3053 3.99278
73.7 371.445 366.586 4.85936 1.72358 14.4887
73.8 371.641 366.586 5.05511 2.19145 6.91818
73.9 371.846 366.586 5.25979 1.90227 13.7203
74 372.056 366.586 5.46957 2.2933 14.9534
74.1 372.311 366.586 5.72462 2.80764 3.08646
74.2 372.558 366.586 5.97177 2.13528 6.64095
74.3 372.755 366.586 6.16945 1.81838 13.884
74.4 372.958 366.586 6.37166 2.22578 3.08646
74.5 373.147 366.586 6.56062 1.55342 9.34728
74.6 373.3 366.586 6.71364 1.50715 9.62994
74.7 373.449 366.586 6.86346 1.48914 14.4887
74.8 373.622 366.586 7.03577 1.95702 3.54322
74.9 373.786 366.586 7.20014 1.33034 9.34728
75 373.917 366.586 7.33086 1.28407 13.7203
75.1 374.065 366.586 7.47881 1.6751 14.5943
75.2 374.256 366.586 7.67025 2.15353 7.04196
75.3 374.458 366.586 7.87176 1.87672 7.55676
75.4 374.634 366.586 8.04816 1.6514 3.54322
75.5 374.768 366.586 8.18197 1.02472 14.1575
75.6 374.892 366.586 8.30618 1.45948 13.0261
75.7 375.054 366.586 8.46821 1.78108 4.69366
75.8 375.207 366.586 8.62074 1.26945 14.4887
75.9 375.357 366.586 8.77107 1.73732 0.109329
76 375.482 366.586 8.8963 0.767256 11.7165
76.1 375.568 366.586 8.98256 0.957902 5.80442
76.2 375.644 366.586 9.05832 0.557344 6.91818
76.3 375.686 366.586 9.0996 0.268162 13.3333
76.4 375.73 366.586 9.14403 0.620487 6.78891
76.5 375.777 366.586 9.19097 0.318378 5.69134
76.6 375.788 366.586 9.20222 -0.0934881 13.7203
76.7 375.798 366.586 9.21242 0.297542 7.99461
76.8 375.819 366.586 9.2331 0.116003 7.04196
76.9 375.817 366.586 9.23086 -0.1608 13.2214
77 375.818 366.586 9.23184 0.180342 7.04912
77.1 375.822 366.586 9.23607 -0.0957464 10.975
77.2 375.818 366.586 9.23232 0.0207506 14.856
77.3 375.846 366.586 9.25962 0.52535 14.8867
77.4 375.923 366.586 9.33754 1.03302 3.08646
77.5 375.993 366.586 9.40722 0.360664 14.3381
77.6 376.052 366.586 9.46593 0.813476 4.17745
77.7 376.105 366.586 9.51911 0.250221 14.8026
77.8 376.155 366.586 9.5691 0.749477 13.0261
77.9 376.246 366.586 9.66013 1.07108 3.08646
78 376.32 366.586 9.73362 0.398731 3.08646
78.1 376.326 366.586 9.73987 -0.273623 3.54322
78.2 376.267 366.586 9.68118 -0.900301 11.7165
78.3 376.187 366.586 9.60068 -0.709654 7.45512
78.4 376.104 366.586 9.51794 -0.945143 7.67453
78.5 375.999 366.586 9.41275 -1.15869 3.08646
78.6 375.849 366.586 9.26326 -1.83104 14.4887
78.7 375.689 366.586 9.10355 -1.36317 4.69366
78.8 375.528 366.586 8.94165 -1.8748 14.7208
78.9 375.365 366.586 8.77873 -1.38372 4.69366
79 375.201 366.586 8.61477 -1.89535 6.78891
79.1 374.996 366.586 8.41013 -2.19746 14.8545
79.2 374.802 366.586 8.21561 -1.69302 3.08646
79.3 374.599 366.586 8.01269 -2.36537 14.9646
79.4 374.388 366.586 7.80192 -1.84991 14.555
79.5 374.227 366.586 7.64066 -1.37541 14.8338
79.6 374.114 366.586 7.52824 -0.873027 11.7165
79.7 374.036 366.586 7.45047 -0.682381 13.0261
79.8 373.984 366.586 7.39831 -0.360774 14.4887
79.9 373.972 366.586 7.38562 0.107101 3.54322
80 373.951 366.586 7.365 -0.519577 3.08646
80.1 373.865 366.586 7.27942 -1.19193 9.34728
80.2 373.744 366.586 7.15792 -1.2382 6.78891
80.3 373.605 366.586 7.01899 -1.54031 3.54322
80.4 373.42 366.586 6.83363 -2.16699 5.84974
80.5 373.183 366.586 6.59713 -2.56302 14.4887
80.6 372.95 366.586 6.36422 -2.09514 14.9375
80.7 372.766 366.586 6.18034 -1.58239 3.54322
80.8 372.577 366.586 5.99077 -2.20907 14.6349
80.9 372.38 366.586 5.79399 -1.72658 14.9646
81 372.233 366.586 5.6471 -1.21112 14.0446
81.1 372.133 366.586 5.54716 -0.787663 14.8545
81.2 372.08 366.586 5.49362 -0.283217 14.9989
81.3 372.077 366.586 5.49124 0.235676 10.975
81.4 372.107 366.586 5.52063 0.352173 9.60114
81.5 372.141 366.586 5.55481 0.331287 6.78891
81.6 372.159 366.586 5.57283 0.0291781 14.1575
81.7 372.183 366.586 5.59749 0.463931 13.0261
81.8 372.246 366.586 5.65996 0.785539 14.8338
81.9 372.35 366.586 5.76363 1.28792 13.7203
82 372.498 366.586 5.91198 1.67895 3.54322
82.1 372.634 366.586 6.04854 1.05227 14.8867
82.2 372.765 366.586 6.17915 1.55994 3.08646
82.3 372.887 366.586 6.30152 0.887589 7.99461
82.4 372.967 366.586 6.38121 0.70605 14.7336
82.5 373.062 366.586 6.47643 1.19841 12.5508
82.6 373.196 366.586 6.60998 1.4725 14.998
82.7 373.369 366.586 6.78316 1.9913 13.2487
82.8 373.585 366.586 6.99949 2.33516 3.08646
82.9 373.785 366.586 7.19939 1.66281 5.84974
83 373.932 366.586 7.34587 1.26678 13.9241
83.1 374.079 366.586 7.49311 1.67819 4.69366
83.2 374.221 366.586 7.63535 1.16656 11.0345
83.3 374.344 366.586 7.75813 1.28901 5.3786
83.4 374.451 366.586 7.86488 0.845872 3.08646
83.5 374.502 366.586 7.91584 0.173518 4.69366
83.6 374.494 366.586 7.90762 -0.338116 10.975
83.7 374.466 366.586 7.87963 -0.221619 14.37
83.8 374.466 366.586 7.88027 0.234382 14.1547
83.9 374.511 366.586 7.92543 0.668852 9.34728
84 374.576 366.586 7.99 0.622579 13.6625
84.1 374.657 366.586 8.07152 1.00783 3.12743
84.2 374.725 366.586 8.13889 0.339572 13.7203
84.3 374.778 366.586 8.1924 0.730602 8.6071
84.4 374.845 366.586 8.25944 0.610312 14.4273
84.5 374.929 366.586 8.34356 1.07204 14.8985
84.6 375.062 366.586 8.47621 1.5809 5.61226
84.7 375.199 366.586 8.61331 1.16112 14.9137
84.8 375.341 366.586 8.75494 1.67149 4.7058
84.9 375.482 366.586 8.89657 1.16107 8.6071
85 375.593 366.586 9.00666 1.04078 14.8867
85.1 375.722 366.586 9.13612 1.54845 3.54322
85.2 375.846 366.586 9.25964 0.921774 14.8545
85.3 375.963 366.586 9.37703 1.42622 15
85.4 376.132 366.586 9.54561 1.94522 13.0261
85.5 376.342 366.586 9.75621 2.26683 3.08646
85.6 376.535 366.586 9.94927 1.59447 4.79634
85.7 376.67 366.586 10.0837 1.09311 11.7165
85.8 376.788 366.586 10.2025 1.28375 14.5943
85.9 376.941 366.586 10.3548 1.76218 14.3381
86 377.14 366.586 10.5537 2.21499 14.0778
86.1 377.382 366.586 10.7965 2.64177 5.80442
86.2 377.627 366.586 11.0406 2.24121 4.7058
86.3 377.825 366.586 11.2392 1.73079 13.7203
86.4 378.018 366.586 11.4319 2.12183 3.08646
86.5 378.196 366.586 11.6104 1.44947 14.37
86.6 378.364 366.586 11.7782 1.90547 13.7203
86.7 378.574 366.586 11.9883 2.2965 3.08646
86.8 378.77 366.586 12.1843 1.62415 11.3619
86.9 378.94 366.586 12.3545 1.77934 13.3333
87 379.136 366.586 12.55 2.13167 6.91818
87.1 379.335 366.586 12.7487 1.84248 14.4273
87.2 379.542 366.586 12.9561 2.30422 14.555
87.3 379.796 366.586 13.2102 2.77872 3.08646
87.4 380.04 366.586 13.4545 2.10636 10.975
87.5 380.257 366.586 13.6709 2.22286 4.14242
87.6 380.451 366.586 13.8649 1.6561 14.1575
87.7 380.638 366.586 14.0522 2.09086 3.54322
87.8 380.816 366.586 14.23 1.46418 11.6436
87.9 380.972 366.586 14.3856 1.64754 14.9584
88 381.162 366.586 14.5761 2.16239 14.1547
88.1 381.4 366.586 14.814 2.59686 3.49577
88.2 381.628 366.586 15.0422 1.96544 9.34728
88.3 381.822 366.586 15.2364 1.91916 4.56413
88.4 381.988 366.586 15.4021 1.39458 14.8985
88.5 382.153 366.586 15.567 1.90343 4.56413
88.6 382.317 366.586 15.7311 1.37884 4.56413
88.7 382.429 366.586 15.8427 0.854252 7.19706
88.8 382.501 366.586 15.9151 0.592958 2.2705
88.9 382.523 366.586 15.9367 -0.160991 14.8338
89 382.532 366.586 15.9457 0.341392 14.9299
89.1 382.591 366.586 16.0055 0.853382 14.7261
89.2 382.701 366.586 16.1154 1.34499 4.13004
89.3 382.807 366.586 16.2215 0.776995 14.085
89.4 382.906 366.586 16.3205 1.20449 14.9534
89.5 383.053 366.586 16.4667 1.71883 13.2215
89.6 383.242 366.586 16.6557 2.05999 4.31019
89.7 383.42 366.586 16.8342 1.51 14.7583
89.8 383.596 366.586 17.0099 2.00484 3.45125
89.9 383.765 366.586 17.1786 1.36896 13.8294
90 383.922 366.586 17.3356 1.77091 14.9943
90.1 384.125 366.586 17.5386 2.28934 4.69366
90.2 384.328 366.586 17.7419 1.77771 4.56413
90.3 384.479 366.586 17.8935 1.25312 11.6436
90.4 384.614 366.586 18.028 1.43648 4.7058
90.5 384.732 366.586 18.1461 0.926065 14.0446
90.6 384.846 366.586 18.2599 1.34952 1.35965
90.7 384.939 366.586 18.3526 0.504487 0.435642
90.8 384.942 366.586 18.3562 -0.432948 13.0261
90.9 384.915 366.586 18.3289 -0.111341 3.54322
91 384.872 366.586 18.2865 -0.738018 14.9995
91.1 384.825 366.586 18.2386 -0.219068 14.8682
91.2 384.828 366.586 18.242 0.286747 14.7583
91.3 384.881 366.586 18.2954 0.781581 0.309135
91.4 384.912 366.586 18.3261 -0.168506 14.9348
91.5 384.921 366.586 18.3348 0.343975 11.7165
91.6 384.965 366.586 18.3788 0.534621 10.7644
91.7 385.023 366.586 18.437 0.630057 4.91192
91.8 385.061 366.586 18.4755 0.14025 14.4273
91.9 385.099 366.586 18.5126 0.601983 3.49577
92 385.127 366.586 18.5413 -0.0294402 13.237
92.1 385.141 366.586 18.5554 0.31326 14.8026
92.2 385.198 366.586 18.6117 0.812516 14.9584
92.3 385.305 366.586 18.7187 1.32736 14.5943
92.4 385.461 366.586 18.8754 1.80579 14.015
92.5 385.663 366.586 19.077 2.22629 3.92218
92.6 385.856 366.586 19.2702 1.6375 14.5943
92.7 386.044 366.586 19.4579 2.11593 4.31019
92.8 386.228 366.586 19.6419 1.56595 0.435642
92.9 386.338 366.586 19.7517 0.628515 14.9008
93 386.426 366.586 19.84 1.1376 0.913931
93.1 386.495 366.586 19.9093 0.24799 14.3381
93.2 386.543 366.586 19.9567 0.700802 4.31019
93.3 386.585 366.586 19.9993 0.150821 13.0711
93.4 386.617 366.586 20.0307 0.476929 14.9997
93.5 386.69 366.586 20.1043 0.995904 13.0711
93.6 386.806 366.586 20.2202 1.32201 14.5943
93.7 386.962 366.586 20.3763 1.80044 14.9939
93.8 387.168 366.586 20.5823 2.31883 14.706
93.9 387.425 366.586 20.8387 2.80843 14.9907
94 387.731 366.586 21.1454 3.3265 5.69134
94.1 388.043 366.586 21.4575 2.91463 13.9241
94.2 388.355 366.586 21.7695 3.32605 10.7644
94.3 388.693 366.586 22.1069 3.42148 5.5763
94.4 389.014 366.586 22.4278 2.99811 5.5763
94.5 389.292 366.586 22.7065 2.57474 3.99278
94.6 389.521 366.586 22.9349 1.99302 4.31019
94.7 389.693 366.586 23.1067 1.44304 14.8026
94.8 389.862 366.586 23.2759 1.9423 15
94.9 390.082 366.586 23.4961 2.4613 14.612
95 390.352 366.586 23.7663 2.9415 4.14242
95.1 390.618 366.586 24.0321 2.37474 7.83423
95.2 390.846 366.586 24.2597 2.17716 8.95322
95.3 391.059 366.586 24.4731 2.09148 13.0666
95.4 391.284 366.586 24.6985 2.41714 6.66313
95.5 391.51 366.586 24.9245 2.10245 13.237
95.6 391.738 366.586 25.1519 2.44515 6.66313
95.7 391.967 366.586 25.3807 2.13047 12.5339
95.8 392.193 366.586 25.6073 2.40286 12.0644
95.9 392.445 366.586 25.8589 2.6283 14.9992
96 392.734 366.586 26.1477 3.14722 0.611291
96.1 393.002 366.586 26.4164 2.22735 14.8317
96.2 393.25 366.586 26.6642 2.72952 3.54322
96.3 393.492 366.586 26.9059 2.10284 0.0692853
96.4 393.653 366.586 27.0674 1.12877 14.5722
96.5 393.79 366.586 27.2041 1.60499 14.5722
96.6 393.974 366.586 27.3884 2.08121 13.0711
96.7 394.199 366.586 27.6129 2.40731 14.1059
96.8 394.461 366.586 27.8751 2.83691 14.9989
96.9 394.771 366.586 28.1847 3.3558 8.09877
97 395.098 366.586 28.5117 3.18467 14.9389
97.1 395.442 366.586 28.8559 3.69756 14.9577
97.2 395.837 366.586 29.2513 4.21234 14.7185
97.3 396.283 366.586 29.6971 4.70318 1.20847
97.4 396.71 366.586 30.1244 3.84303 8.72021
97.5 397.089 366.586 30.5033 3.73405 14.4243
97.6 397.486 366.586 30.8998 4.19548 6.91818
97.7 397.891 366.586 31.3049 3.9063 13.2753
97.8 398.299 366.586 31.7128 4.25283 3.54322
97.9 398.693 366.586 32.1068 3.62615 6.61016
98 399.039 366.586 32.4534 3.30617 14.9999
98.1 399.396 366.586 32.8099 3.82516 14.7827
98.2 399.803 366.586 33.2173 4.32243 14.1919
98.3 400.257 366.586 33.6715 4.76063 0.185486
98.4 400.685 366.586 34.0994 3.79817 8.72021
98.5 401.06 366.586 34.4738 3.68919 13.3821
98.6 401.446 366.586 34.8606 4.0464 13.237
98.7 401.868 366.586 35.2823 4.3891 2.60436
98.8 402.271 366.586 35.6852 3.66854 0.0757806
98.9 402.589 366.586 36.0034 2.69512 13.0666
99 402.875 366.586 36.2892 3.02077 0.435642
99.1 403.13 366.586 36.5444 2.08334 0.0490191
99.2 403.29 366.586 36.7039 1.10724 3.12743
99.3 403.367 366.586 36.7812 0.438983 13.0711
99.4 403.427 366.586 36.8414 0.765091 13.0711
99.5 403.52 366.586 36.9343 1.0912 4.13004
99.6 403.601 366.586 37.015 0.523203 14.2822
99.7 403.676 366.586 37.0897 0.970426 15
99.8 403.799 366.586 37.2127 1.48943 12.5021
99.9 403.961 366.586 37.3751 1.75864 11.3266
100 404.144 415.284 -11.1394 1.9103 14.9989
100.1 404.361 415.284 -10.9225 2.42919 14.9989
100.2 404.63 415.284 -10.6536 2.94808 14.9989
100.3 404.951 415.284 -10.3328 3.46698 4.79634
100.4 405.273 415.284 -10.0112 2.96561 14.3381
100.5 405.592 415.284 -9.69201 3.41842 14.9989
100.6 405.96 415.284 -9.32422 3.93731 3.99278
100.7 406.324 415.284 -8.95958 3.35559 7.67453
100.8 406.649 415.284 -8.6347 3.14205 11.6436
100.9 406.973 415.284 -8.31132 3.32541 3.99278
101 407.276 415.284 -8.00787 2.74369 4.56413
101.1 407.524 415.284 -7.75973 2.2191 8.76788
101.2 407.741 415.284 -7.54303 2.11489 3.99278
101.3 407.923 415.284 -7.36063 1.53317 9.41592
101.4 408.075 415.284 -7.20928 1.49376 12.9227
101.5 408.24 415.284 -7.04434 1.80503 14.7336
101.6 408.445 415.284 -6.83922 2.29739 4.69366
101.7 408.649 415.284 -6.63506 1.78576 15
101.8 408.853 415.284 -6.43054 2.30476 14.7336
101.9 409.108 415.284 -6.17544 2.79712 6.91818
102 409.374 415.284 -5.91019 2.50794 10.1088
102.1 409.626 415.284 -5.6579 2.53781 11.9698
102.2 409.891 415.284 -5.39332 2.7538 8.16459
102.3 410.158 415.284 -5.12617 2.58925 9.843
102.4 410.417 415.284 -4.86708 2.59255 7.55676
102.5 410.665 415.284 -4.61909 2.36723 4.7058
102.6 410.876 415.284 -4.40789 1.85681 3.12743
102.7 411.028 415.284 -4.25562 1.18855 14.9646
102.8 411.173 415.284 -4.11099 1.70401 4.7058
102.9 411.318 415.284 -3.96611 1.19359 14.9989
103 411.463 415.284 -3.82081 1.71249 14.9584
103.1 411.66 415.284 -3.62382 2.22733 6.78891
103.2 411.868 415.284 -3.41619 1.92522 5.69134
103.3 412.04 415.284 -3.24426 1.51336 14.9348
103.4 412.217 415.284 -3.0673 2.02584 13.9241
103.5 412.44 415.284 -2.84415 2.43725 12.6906
103.6 412.698 415.284 -2.58602 2.72531 14.9989
103.7 412.996 415.284 -2.28754 3.2442 5.80442
103.8 413.301 415.284 -1.98315 2.84364 3.61266
103.9 413.554 415.284 -1.72977 2.22391 3.99278
104 413.747 415.284 -1.53647 1.64219 3.08646
104.1 413.878 415.284 -1.40587 0.969832 14.9646
104.2 414.001 415.284 -1.28311 1.48529 13.0261
104.3 414.165 415.284 -1.1185 1.8069 3.54322
104.4 414.315 415.284 -0.969146 1.18022 4.69366
104.5 414.407 415.284 -0.876706 0.668588 14.7261
104.6 414.499 415.284 -0.785266 1.1602 14.4887
104.7 414.638 415.284 -0.645853 1.62807 14.5943
104.8 414.825 415.284 -0.459124 2.1065 3.08646
104.9 415.002 415.284 -0.282092 1.43415 5.69134
105 415.125 415.284 -0.159271 1.02228 1.35965
105.1 415.185 415.284 -0.0992944 0.177245 6.78891
105.2 415.187 415.284 -0.0966753 -0.124863 13.2487
105.3 415.192 415.284 -0.0919683 0.219002 11.7165
105.4 415.223 415.284 -0.0605358 0.409648 4.56413
105.5 415.238 415.284 -0.0458003 -0.114939 14.1359
105.6 415.248 415.284 -0.0356648 0.317649 4.7058
105.7 415.254 415.284 -0.029421 -0.192771 8.01004
105.8 415.226 415.284 -0.0576979 -0.372768 9.34728
105.9 415.187 415.284 -0.0972883 -0.41904 14.9989
106 415.171 415.284 -0.113248 0.0998526 14.9646
106.1 415.206 415.284 -0.0774894 0.615313 4.7058
106.2 415.242 415.284 -0.0414791 0.104893 14.5943
106.3 415.277 415.284 -0.00706838 0.583322 9.843
106.4 415.335 415.284 0.0514288 0.586621 14.7336
106.5 415.419 415.284 0.134709 1.07898 10.975
106.6 415.532 415.284 0.248432 1.19548 7.83423
106.7 415.642 415.284 0.358102 0.997905 13.4116
106.8 415.76 415.284 0.4759 1.35806 7.04912
106.9 415.882 415.284 0.597902 1.08197 7.56109
107 415.979 415.284 0.694855 0.857083 3.08646
107.1 416.031 415.284 0.746945 0.184729 4.69366
107.2 416.024 415.284 0.739836 -0.326905 11.7165
107.3 416.001 415.284 0.716678 -0.136259 14.8338
107.4 416.012 415.284 0.728171 0.366124 14.5389
107.5 416.072 415.284 0.788428 0.839012 4.69366
107.6 416.131 415.284 0.846748 0.327377 14.5389
107.7 416.187 415.284 0.90313 0.800265 14.9989
107.8 416.293 415.284 1.0091 1.31916 10.975
107.9 416.431 415.284 1.14684 1.43565 14.9989
108 416.6 415.284 1.31635 1.95455 14.9989
108.1 416.822 415.284 1.53775 2.47344 13.222
108.2 417.086 415.284 1.80216 2.81464 14.9389
108.3 417.393 415.284 2.10926 3.32753 14.9989
108.4 417.752 415.284 2.46796 3.84642 4.69366
108.5 418.111 415.284 2.82702 3.33479 3.08646
108.6 418.411 415.284 3.12688 2.66244 12.5339
108.7 418.691 415.284 3.40675 2.93483 3.08646
108.8 418.95 415.284 3.66661 2.26248 13.4108
108.9 419.195 415.284 3.91086 2.62255 14.9989
109 419.483 415.284 4.19906 3.14145 3.54322
109.1 419.766 415.284 4.48187 2.51477 9.97836
109.2 420.018 415.284 4.73419 2.53161 4.69366
109.3 420.246 415.284 4.96177 2.01997 14.9989
109.4 420.474 415.284 5.18971 2.53886 3.99278
109.5 420.698 415.284 5.41451 1.95714 13.0261
109.6 420.91 415.284 5.62631 2.27875 3.08646
109.7 421.104 415.284 5.82057 1.6064 14.4887
109.8 421.288 415.284 6.0046 2.07427 14.612
109.9 421.52 415.284 6.23604 2.55447 3.08646
110 421.742 415.284 6.45787 1.88212 14.4887
110.1 421.953 415.284 6.66947 2.34999 3.08646
110.2 422.155 415.284 6.87085 1.67764 14.4887
110.3 422.346 415.284 7.06201 2.14551 9.41592
110.4 422.558 415.284 7.27459 2.1061 3.08646
110.5 422.735 415.284 7.45158 1.43375 14.1986
110.6 422.901 415.284 7.6169 1.87261 8.24402
110.7 423.08 415.284 7.79633 1.71601 13.7203
110.8 423.271 415.284 7.98748 2.10704 3.12743
110.9 423.449 415.284 8.16478 1.43878 14.8867
111 423.618 415.284 8.33404 1.94645 14.5835
111.1 423.836 415.284 8.55255 2.42381 3.08646
111.2 424.045 415.284 8.76131 1.75145 14.9646
111.3 424.246 415.284 8.96223 2.26691 5.69134
111.4 424.452 415.284 9.16833 1.85505 14.9989
111.5 424.664 415.284 9.37978 2.37394 3.08646
111.6 424.867 415.284 9.58356 1.70159 14.9309
111.7 425.063 415.284 9.77932 2.21368 5.69134
111.8 425.264 415.284 9.98009 1.80181 9.34728
111.9 425.442 415.284 10.158 1.75554 13.3333
112 425.635 415.284 10.3511 2.10786 5.61226
112.1 425.825 415.284 10.5409 1.68809 14.8545
112.2 426.019 415.284 10.735 2.19254 4.56413
112.3 426.212 415.284 10.928 1.66795 13.7203
112.4 426.398 415.284 11.1143 2.05898 10.6519
112.5 426.608 415.284 11.3244 2.14317 3.08646
112.6 426.789 415.284 11.5051 1.47081 9.24251
112.7 426.933 415.284 11.6494 1.41407 11.7165
112.8 427.084 415.284 11.8003 1.60471 14.6349
112.9 427.269 415.284 11.9849 2.0872 2.60436
113 427.441 415.284 12.1576 1.36664 6.78891
113.1 427.563 415.284 12.2792 1.06453 13.0261
113.2 427.686 415.284 12.4017 1.38613 13.4503
113.3 427.842 415.284 12.5585 1.75016 3.49577
113.4 427.986 415.284 12.702 1.11874 13.0261
113.5 428.114 415.284 12.8299 1.44035 13.7203
113.6 428.277 415.284 12.9935 1.83138 6.78891
113.7 428.445 415.284 13.1615 1.52927 5.80442
113.8 428.578 415.284 13.2944 1.12871 9.41592
113.9 428.689 415.284 13.4053 1.0893 14.1575
114 428.82 415.284 13.536 1.52406 14.9518
114.1 428.998 415.284 13.7141 2.03824 12.5339
114.2 429.215 415.284 13.9316 2.31063 6.91818
114.3 429.432 415.284 14.1482 2.02145 7.83423
114.4 429.624 415.284 14.3404 1.82387 5.69134
114.5 429.786 415.284 14.5022 1.41201 9.41592
114.6 429.925 415.284 14.6415 1.3726 2.2705
114.7 430.025 415.284 14.741 0.618649 14.5389
114.8 430.11 415.284 14.8265 1.09154 3.54322
114.9 430.188 415.284 14.9043 0.464859 5.86572
115 430.215 415.284 14.9311 0.0704316 14.8338
115.1 430.247 415.284 14.9633 0.572815 12.5508
115.2 430.318 415.284 15.0343 0.846899 14.4887
115.3 430.426 415.284 15.1423 1.31477 3.54322
115.4 430.526 415.284 15.2425 0.688095 14.9348
115.5 430.621 415.284 15.3369 1.20058 3.12743
115.6 430.707 415.284 15.4236 0.532318 7.56109
115.7 430.749 415.284 15.4655 0.307427 3.49577
115.8 430.749 415.284 15.4647 -0.323996 14.8609
115.9 430.741 415.284 15.4576 0.181096 3.92218
116 430.73 415.284 15.4462 -0.407687 9.41592
116.1 430.687 415.284 15.4035 -0.447094 3.54322
116.2 430.611 415.284 15.3275 -1.07377 3.54322
116.3 430.473 415.284 15.1888 -1.70045 3.28781
116.4 430.27 415.284 14.9861 -2.35267 13.0711
116.5 430.051 415.284 14.7671 -2.02656 9.60114
116.6 429.847 415.284 14.5634 -2.04745 0.913931
116.7 429.598 415.284 14.3142 -2.93705 13.2487
116.8 429.322 415.284 14.0377 -2.59319 14.9577
116.9 429.088 415.284 13.8041 -2.07842 14.1547
117 428.902 415.284 13.618 -1.64395 14.1575
117.1 428.759 415.284 13.4753 -1.20919 13.7203
117.2 428.658 415.284 13.374 -0.818163 13.9241
117.3 428.597 415.284 13.3127 -0.406751 8.6071
117.4 428.55 415.284 13.266 -0.527041 10.6519
117.5 428.501 415.284 13.2175 -0.442852 14.9996
117.6 428.483 415.284 13.1992 0.0761096 14.1575
117.7 428.512 415.284 13.2286 0.510863 11.9055
117.8 428.574 415.284 13.2901 0.720408 14.8545
117.9 428.671 415.284 13.3874 1.22485 14.9084
118 428.819 415.284 13.5354 1.73469 14.8609
118.1 429.018 415.284 13.7341 2.23978 4.69366
118.2 429.216 415.284 13.9325 1.72815 14.9983
118.3 429.415 415.284 14.1312 2.24698 14.7336
118.4 429.664 415.284 14.3806 2.73934 3.54322
118.5 429.907 415.284 14.6232 2.11266 3.92218
118.6 430.089 415.284 14.805 1.52388 2.2705
118.7 430.204 415.284 14.9197 0.769931 0.109329
118.8 430.232 415.284 14.9482 -0.200136 2.60436
118.9 430.176 415.284 14.8921 -0.920699 14.4887
119 430.107 415.284 14.8234 -0.452825 14.7583
119.1 430.087 415.284 14.8029 0.0420087 11.0482
119.2 430.097 415.284 14.8133 0.165827 7.19706
119.3 430.101 415.284 14.8168 -0.0954671 4.69366
119.4 430.066 415.284 14.7817 -0.607101 14.9008
119.5 430.03 415.284 14.7464 -0.0980196 12.9227
119.6 430.036 415.284 14.7522 0.213253 14.4626
119.7 430.081 415.284 14.7968 0.678518 7.73444
119.8 430.138 415.284 14.8543 0.470962 14.7583
119.9 430.21 415.284 14.9261 0.965796 4.14242
120 430.278 415.284 14.9943 0.399038 3.12743
120.1 430.285 415.284 15.0008 -0.269219 13.8294
120.2 430.278 415.284 14.994 0.132725 1.92197
120.3 430.252 415.284 14.9678 -0.656078 12.0644
120.4 430.197 415.284 14.9135 -0.430637 13.0711
120.5 430.171 415.284 14.8867 -0.104529 14.9711
120.6 430.186 415.284 14.9021 0.411584 9.23081
120.7 430.224 415.284 14.9403 0.353665 6.91818
120.8 430.245 415.284 14.9613 0.0644828 11.2773
120.9 430.259 415.284 14.975 0.211211 10.231
121 430.282 415.284 14.9983 0.253307 14.9518
121.1 430.333 415.284 15.0493 0.767489 12.1198
121.2 430.421 415.284 15.1376 0.998474 6.78891
121.3 430.506 415.284 15.2223 0.696365 3.08646
121.4 430.542 415.284 15.2584 0.024011 14.9983
121.5 430.571 415.284 15.2867 0.542842 2.60436
121.6 430.589 415.284 15.305 -0.177721 14.7261
121.7 430.596 415.284 15.3118 0.313888 12.9227
121.8 430.643 415.284 15.3587 0.625161 14.414
121.9 430.728 415.284 15.4443 1.08556 14.8545
122 430.862 415.284 15.578 1.59001 11.7165
122.1 431.03 415.284 15.7466 1.78066 3.54322
122.2 431.177 415.284 15.8933 1.15398 12.5508
122.3 431.306 415.284 16.0224 1.42806 4.79634
122.4 431.424 415.284 16.1401 0.926697 13.3333
122.5 431.534 415.284 16.2504 1.27902 14.856
122.6 431.687 415.284 16.4036 1.78362 9.62994
122.7 431.865 415.284 16.581 1.76561 14.7583
122.8 432.066 415.284 16.7823 2.26045 1.82823
122.9 432.252 415.284 16.9685 1.46227 14.7336
123 432.423 415.284 17.1393 1.95464 0.109329
123.1 432.57 415.284 17.2863 0.984568 12.7977
123.2 432.684 415.284 17.3997 1.28334 14.8985
123.3 432.837 415.284 17.5534 1.79219 7.04912
123.4 433.003 415.284 17.7189 1.5161 0.759233
123.5 433.109 415.284 17.8252 0.611024 13.0261
123.6 433.186 415.284 17.9024 0.932632 13.0711
123.7 433.296 415.284 18.012 1.25874 13.222
123.8 433.439 415.284 18.1549 1.59994 14.5255
123.9 433.622 415.284 18.3385 2.07149 11.6804
124 433.839 415.284 18.555 2.25853 0.155142
124.1 434.016 415.284 18.7325 1.29304 9.23081
124.2 434.143 415.284 18.859 1.23512 14.972
124.3 434.292 415.284 19.0083 1.75132 13.0711
124.4 434.484 415.284 19.1997 2.07743 1.14903
124.5 434.648 415.284 19.3642 1.21133 1.62248
124.6 434.728 415.284 19.4443 0.392576 1.35965
124.7 434.725 415.284 19.4414 -0.452459 13.4116
124.8 434.698 415.284 19.4141 -0.0923017 13.0711
124.9 434.705 415.284 19.4212 0.233806 11.3874
125 434.736 415.284 19.4525 0.391543 14.1575
125.1 434.797 415.284 19.5134 0.826296 14.015
125.2 434.901 415.284 19.617 1.24679 3.49577
125.3 434.994 415.284 19.7101 0.615369 14.9977
125.4 435.081 415.284 19.7976 1.13414 15
125.5 435.221 415.284 19.937 1.65313 14.9479
125.6 435.412 415.284 20.128 2.16693 4.31019
125.7 435.601 415.284 20.3171 1.61694 14.9534
125.8 435.788 415.284 20.5046 2.13128 13.7749
125.9 436.021 415.284 20.7375 2.52777 14.3017
126 436.297 415.284 21.0127 2.97694 14.972
126.1 436.62 415.284 21.3363 3.49313 3.54322
126.2 436.938 415.284 21.6542 2.86646 4.79634
126.3 437.2 415.284 21.9158 2.36509 14.9998
126.4 437.462 415.284 22.1783 2.88407 5.3786
126.5 437.728 415.284 22.4445 2.44093 0.0801729
126.6 437.924 415.284 22.64 1.46795 10.0144
126.7 438.072 415.284 22.7878 1.48839 13.0711
126.8 438.237 415.284 22.9529 1.8145 9.843
126.9 438.418 415.284 23.1345 1.8178 14.7947
127 438.625 415.284 23.3412 2.31627 13.6322
127.1 438.876 415.284 23.592 2.6985 3.45125
127.2 439.114 415.284 23.83 2.06262